$ANSIBLE_VAULT;1.1;AES256
32623864343530376338646264633335366339343339613339316262373162326432343539313265
6531663966343261323036303265393266653866333066660a633336653065633331653663623134
38326239633337353833653261356161363765623039343664653630616630666263363565313338
3434383035653730330a363965333838343362636565343739333838306661623264383366303733
39636234353135303633303234346334663131643461633361663930653431663635616432326661
32626135363739356536383533306638623335643331313637336462346435643064373433383966
32386436666464346536623861363736396138376230346631353539666136383764363739653735
38636237333234373231623766613663393235626138313139323034613734636666666332336530
37333061373265376431613039346639346662343439306435663231383531336535623330323038
61616139626433303462333535396564386238363766343563653833346661613939373933643562
39393135333061393136326566666562663966323465353934306432346266366338633732343732
61336138663765363864623732393365626666633665386639316631363562363635326365336232
31393233396638663365316634333734373731353035346261343961343833393638643431313566
34336533636635346465636262393530356133653638353961666662393933373831656236356663
64353963666137646131386334383461336361373033623133393931346436613861366531383338
33333732363336396333303461353536333739363764643763326361663864643061346238346633
39383262383831636137623663623035653339656439653636336337663737383934333761366337
65626161363761613464653464373235363737613331343836633339646261393530303232633865
33646565326262633764363332393662636363616363656464376439633863393265333235346639
31313363613365633162636633353866356137363366363563366632663632363766306639663333
32656366386130343534313437376634633335616563636565383330333861626236336531393435
36333937333062323435396339393663643766373965313935653162383564623661323635373166
61373136646561633531316636373637313237663535326362323834353937363736303934393235
66616461633635303364623533303130346362346465653835633432353062623131393233326233
62386338393432633539313737633637616337636131303139373633333236353036633137393232
66626431633831326631626562633565373365363238343466323630643033643738386532303330
63396463313635623237633731343665636631313865383031643264313565383332393962626532
32346638643563333763316539643339646462346637333533636232633563306334616533646163
62646462376538653433643633373034393664613136353433656532666661653765656233643436
61316335633739333461343262393436656563313064316332356131316631653534663963373066
30393332393935326237303132326332353061636438313763313566623535363739343030373035
39323664326365336132393630366333396566353931356662653835616337666338393964653932
33346337636634393964643936613834353837373564336637376436663730313562313930396233
61383637366530633434346231656266363265613836393436346231383431323162383335666132
34656131343539363030613030306532653863656337393937363431623432663262303861636132
39653131316566656133373639333231633133333236613632663065386434643538343932633362
32663435326536663865316464656331343639653365313162613233366336326130366165376132
31323236373432346332346439613631373037643362396437306164363739363231396666326366
38646365396365326433373432663761343061356235323539306132376166623333623138323461
36333335376463363565313565656536336538306630376230373262626133303833636534643833
66356330373165343135643636336531366433396533613963313931373363623537623434626565
33383034653065343666323334666362353634626666393465623262633266656162356561363535
37393966323638326631353830636333303834333837656262323739653236343637386332386138
62393134333566393061353233343365343265333730626435383862656261336365396137653439
30393735663535376265666334383966613430363437323930333132366461613361643231326438
39663433646137626434303030366232636331316433326138393738303538653338383961306666
31653234633733363532663665396463353736346661656335653961353331393835383336323533
66613739643462613330646633303835353462393863633362396363616637623264316538373161
31653337363235363230653732336334643165356561343734303865313531633532346566363030
36353563336530396134613034653333653233643635353434396366666138333639333862386537
62636235323465646130393832353063373137643638336563633837356362303263643830626134
33656262666339663434333835623731376637326563633838663366343761623938613334376633
61333762316639656663303336376632383739343862613531616566363031393334633566393365
35303737643035396566383332326432383536646165356533633164393232363434346263316238
63303436343330303463626362653037623038653030613361356433393833373561623832386330
34373236663036373138613330663438363338643935386164373836633736646364366665333662
63343130326634383030336265663833323163303636396166366266373564363363643263373034
36613834653562623735316630636163333865333532353165613434643830373434633132333438
36336635333937396330383963343238373736363262383531363638393539623562386436653631
65643664316337663462313135333961613831656339643862323264316339306133343933663964
37646138613537626161306630346662633331653861326163306135613732366461346233383634
62383030316330646463643561643265383836356438346635303230346364376438323638383861
30376538323166376136643436386330363630383139623239613133316634376235636132386637
31396563313134656132306637313161333966386330353538373532633161353833376430326361
34363037333338623836326236383162343630326261663534333537303437393162613765313335
39303465386561613030326561343831653236373465623537376266306131656434363439353837
38383364363030643839656261393231343338633939326634653434633763656532643438343065
36616162616436643238303938326166376464623136326264383137303430623866626636643464
30323831393437656230353633333534303337653665393663333361393166643639383164316466
62613636363934646663633565633465616432333335323231316561323163383266346661356231
63633039356663353066343434343034656433643936653333623232336366366633343132326137
39326331643038323763376135333636393437376162336530653563633062373932353034376664
65373462333761323466316337353436653332613534323362343365336236626230373262636432
34306161623837333838396665616538623834363366333339363839336336386437616237336335
64646564336433353061626563646338373630353631396261336531393333303762623735343630
66313631663535393335636165396630643737353534313862353330306362626361373034336433
30306164633265653234366638636430336164663235346431366639613831346537663138646163
35376436653162363532303930626166353837353562333634356438643364393630393031623665
33666132613637366565623238626438383133393062633033643863393634313734373065393264
61303031353365663434663039346534663831353839303765363834643665346430353432333234
63626339663331326263353264393436623730613739306538396466313061306437653065363861
31353564613365306436636232653533313832636532636338383063346131323462366665373435
66383231303562333534613230303834613733383664653461346530666332306231643233323261
37613335376432323736666266663939343761383134336131376233326564646563303161636135
64653838376464326466313063626564323136343631323436656437643737626139363531396333
64666436626466643634613462366261366330633265393664353162653763653735303761656635
62646164643261393861613737626263313532626534396266363165633630616566366333626462
38343064633264643361303237376437343534306436383666373062356135366565363262393532
36333062363661343637313330396433373163366362396533633366363564396163313532366435
34623037663163623836636266346236626131343761343736326463363862613966623335303130
39626136343132383132313134646233336236336162303436396365353436633538353532313861
31393630326333303865303365363364366364383533636263376632393665656534316262346334
63373265333232363538633361353638333065653138306236613263356264343764386335363233
33366461383736303735343035623663353932663138396131393263346161643637633239666666
37383365613730313131303464636230323733393663653736386531633738393261383762643465
37333466376333323164393938336263356464353137363539393366396362643735636664613833
30323466643366396166396334356161646433656566633863313434613430356333353961366366
31636230393666646336646264613862643866366435376363663532366330306661323665346432
38343261633066616266336533363133633638623933613364363461666232663533666135663738
36316364376166616239633633343636373561336265633663363966383361663435663832343837
37353232643731353463623436363361323162323365313366636335383839336333343365343966
62646339656161396334383439363965336337316664376338313634633137333663343039623438
30373230663963643763666236383665396462613561336163343034373536323039313062313239
31396465663462666236343239613466393632643439353464653264333761323038353565323963
30336566613633396538663663656436376666613662376432656534656233306432346330323331
32616234626163353561323963653033313431633434356438353137653334336235383435376436
32343339396432623764356539633661363263613738353935353838383637313339363539376635
34386339636234306633643464643462613533663631396336316134386330346566616134653133
62643738656436613536363062346630313334386137313062663661643237353431343733313132
30626662356162306636366638613065633837333564383437626335616531636433666664613938
33633138626164373538393330373631653432316162303838623133366662623362613666633466
32613930613062376666643036373631386662386333623131383162343036653136656463663633
66373932623233343931653762396161396334643436336639636539343033396663393630303339
62613432353062653034366165613663323066653563386461396430363061373637366331616534
31626234343731363436396232303161346432663364373632623262653039346662363535343766
31376234363139646466623836373538653262373461313438336135316534393630306631373030
63616364623966623264383865626130633063643461353135646534306238666234356535366432
63393932396536333235323537346630333432663930663565376133313436393466623165663936
37313765363066323362306661383531303935386538363465306462626436306330653264326538
34623138616364373933396464663062373965383734343130323438316137613433393961636232
66633237646339663331616230376635633361383266353836353263383331656133323063303438
62333036636561393263363261633731306561346534643063643961643234626233386362633136
37363136653733666330343461623337616266633033613063656634616339613665663965303335
30383331333938373864313831633831306137376162333564373466636437353935666631663866
66316538333035336637363039613866656265386236393062373338383438613737613837653564
62646566356535363634646564343339356330353935663365353135356636623737666436336565
34663635383234333336623439663466616364353762643263623262306566313935663232393238
64373735653563376130306236326537616532333438393163363365353333323535336232626539
66646364303664383461373661663233333437316632613333343031383363663330646663326663
38346635613831623037666639646139636361326364363335613166363136393336666563363638
36316430613664633937613038396362663239313466333631646564363165396132373663343438
62663730386165373238366665323863333438653261333034393039643137353661326635396665
61383731353065373962373736386665373261363066396531333930363362383932356331623261
34623263306166386462643038646163323964663063343930386330326133376462633235306434
62636666376263356335353834653766376664316539383965393034346638373730393137313566
31646364313066396633383236323661636462363465623932326335373730666636376233663531
37396463343137646362316131373731623230366330373065393335383135356266613232333534
61393531646661313739386230663439303134663365376535303239626139326266363033346234
39346161333866346330653865623463376139313266316166383330386139333734373635356434
32323730643033303665373236343137396236363765643831643362343430643538383565633933
32363133623030396137343361626631373366346163613564303034363962646461343861626364
39393461373664663735613736326562643530383939326664393631393466363065653032646161
35643734353664666230646166353035613338663433316361326438656564343331316461653730
63303337643930313066613033333732326165366638616637643633356639313338373438303232
66343238333033373230613966643334616438386437613836316139633362346233646264386165
31666231653031663966633432646630626138653833646334626433336463326336613535643633
32613132656235636465616532353232663862303430613766353962343930663562326463643635
30373066653737313161343631303337323834363765303536386661333766356638643239343732
32323036346531376537316631633165333238356466336565333636383664323438313335616332
66353538303231346533643637396365353938646136336461613236643137316362383733316361
65323665383131663966323630613764633665313731323430316235393062356433363661363237
33353930623463613837346333343430383238626536363730643262333530383337393565663662
64343862346664323362373933316133646264376532623033616431643336396262316537326630
36323132656465386634626461643361636336613033646138386536646464666361323362616139
63613932353431616134323437303935396333386536386362353736633435656236633739666431
35316565393966393465336233316132323132363231663338383661613136353664376665353863
66633865623839396630303239376231313330313931623235386363303062656433663938666639
66653638383161643261356534643865323663623065653264643339373032393866663337633134
63303364653231393163633833666634326333303536623336386535366162336566393766343434
30643861633830616233393465326537383733373033356536336262623033666466393334633362
31336239383832353532633033316336643065383431336266316466346338353262323839623630
31383665303662386162323133363763663162643865303431623162636462373134393863346332
31343065663530643531616233623330613832303866613362653038353233376436386330653461
32306330616337643065333864653364313036653939373461633435613163656266623839323365
65656436643166363462383663646433656266663933346535306362373761356531326331336235
33386635393961376238643238323730353938346265363761653762396137643263323465626637
33663835653664396236653864663839666262613563656634663633616564383466646533663036
63326237616364303333316130653036363835393838383733333561343461626539393236346638
36393832316262376331353631653662353436343063656433653335653239613666343064393665
61393934646161663162373162633736363332336361323336373037353731363934363966646635
35656135626336306364636164646666346361393832363737306636306131373632646535646361
36663861303631613332666331663733616538656362353933383530646233303032653432366166
32646466653931663731303966643665303266353134373137346164386239363732
