$ANSIBLE_VAULT;1.1;AES256
32653366383431343539613938613366323764353031346231646633316338396130633237623263
6535303730643435616466373162626463386132376632370a303835623236636636653135306232
63376338666361323461633332623535303934663431653061623964666266653935323939323036
3733613431343334310a303233336464363437666334663662313935346630633862353466383330
61383165363135663764666233633561383138323964396334386366383964663330376634373062
62313432656536653335306361313839303139346664393535626663616663336162336661356534
38396238373936663466346235613732666330623832373163323235363031396266306331326437
64336238396332626337616462303536623961346335663063636162383338386637386266666132
31393761663439376433666265646663653633623033373932613132643635353963663566343434
37393134313431396137636562646661633638353461316364313164646239643363376433306235
61613539323564623932616432306163306538323333303363333232356566646231616235336438
34396466656232383262383235643235363562623530316665333536336131643337323035653464
30333031363935306538666465343634646333633134353063316533646531626161313837616561
36383333316566383266646238623034323264303662393761353765393536383730626561626261
65343466306462643838353138366262616137353365636462393235626639316430356265383136
61376437323730373935373832393632383635323335376566643365316230363632326531313437
34333831363632383837306631393063343531383164306561663531356661623335656165303562
35633934366664366636363263386161333638316236623334663433373866623938643566653863
34376563616339343734396435316532633937616132613839643434346434353938613831393362
32333730643337396465323935363837396335306138346430613265316434393064353165336636
66313966393665613663373335643735336332633432353835306161363366316132383262373031
38366533386438623836636233323531616464313334373535353038363762376236623631653764
62303836313464623432643434623465343961633130393238363366323233646239313362306533
37316135376336663566663866623539376230636231623562326262616534326636613766336662
38316564396132363335306164613730306435653232356666333164346366643038316332626336
66653864343933313937616264326365656437366131386236343665303166646639646231633236
61343364653565313236313762393962343563636665393361616439633139623335363535653833
61656136353262376231663133376336353364663662326433376233386438643339393461636135
39303437366232346533666437653939663938666438343932616435366334393736333433633831
37663761336362306130616535646630303763336562356263643130313330646364613666346339
64623536393432393661396466623234646265323964653663393234373563333566336332643164
37663736616239656366386634393461336434633738353637303364393838346566616630633864
38363633366261646132343463646138653462613730643537646236616264363564633538636666
35663961343661326331616166366139633237636533346230643661333965333738663762623765
63316164636337353765333136663234616638353162386533323361643936613066373866643038
62613734333763306234663566663933353938666435656337343539363532636134656338333734
63643831333962363032653664663065656131353331376438376338313535353233386666333763
62336536343739366633656461633164646639363563616363626230333830333435386563616563
65353936306635616161313962366534303663376262333936306237613862623634663939623466
62346335613437306363343933336139333463306565663761336137623461636635393166626334
30636466623730663032323639376531623664386633376339613135656262636537326333623439
38333665326437373638393936653461353334383137636663316235663934663866386433303363
39353761633632623731623838306163396337653332363835383537363232326263376131396237
66646564316461373166643931353333356538356333613335613230643966623666623563363033
66396434303438313963653732623530346133393731656537306330616630373063363664356437
32323831666566663966393732643435643833363432633030323033343037363236376538396331
30636635303735636665376633376538633338363034306336633536333936643562633664663339
30333639346265663562303663393533656538626165636138363533323336373565333532306432
35363834366665646239353737616163666361346238623464636134396333396237383733346637
38626530633430643738323064303630303431303638333264333066376363626330643836303566
38633030363765386265373735613561303631353463376532353039386535616261386537383536
62323264313535663231643739353935346233653138623064383033623661326530313663356338
39316264643135613934356232373762343831363266653061386461663739376463356433313264
32663761626637636439616264313964653631343639306462393339613533326539303434356166
35643963353034303762323262633166323964666233633130356261646632616264396232376339
31393265393831343338313630303434656332666133643664656337393766656433353632643539
39306363393133346362613232646133653065376138386237393535633238313535393937653639
39393966306435363364623231373038646261376436656566316633396138643866303639663264
61326233666361396132303566323436666232383663383261643964356438666164376435393639
63373663623765623463356535326365313337616337323866356666326434313336323239376261
36356237623731373538653561613532663933396431616235643236363334363531383566356463
32353834353865366264633932373265373065616164393562363838333536636431356664613031
62373065383164376439326134346638656561323665396433386537346434336661333736353566
64643866346332313937316338653239343230306361623432393135623432386361333533646166
32306233396466646264653238333961366132663064343763306136313661636366626637393032
30656566643863363434646638666436316163313039373766313562393831643637373462333031
32386661366634643466393439303531323863633338396235333666366231656466386133306636
31613033363463346265303037303164323764376561643065356665393364313766393766386664
38393138313562333765653063346439333537653638343035656133376561356366613362353561
32393663366465656330663665643165343335396464653764373761633466643530616263376363
38343130366134316163646663373466616435656235643636303566376336663464383034343438
61343230386363373463363164326661383962333037366163363662613763376661383737646439
36613535396264316433323361636232343935313038333139666530376264316334663861353631
36636435323863323531633330656161323661393530363463643539663266653436616233643734
65323133376233653663666630366365383131303862643733646231386535326135353836643838
66373162613664633361356261626633666132316561373563363962353662613233613834666462
30633565333736353162333434623762636263303561356531333963636165336136353063393661
36653839656336393230363338646634653664626537383031366266633335613764623931363338
38393433333762373532313336336164346334333431656462616565373336393633653162383037
33326432303734326666373833353063623865313965323637653263373434326633623961643463
39396131656264353934613135663030343430393339303462333665643734306264386564376639
66633735363239316330623839356631356239613437333439313734656535323761396239383034
36643730616264343466353834626263303831626466633333373364353864306333646133616231
32613539336364323133613831643563353730333336336166373963306365383762376232653935
37393864356431663832656333373730386564393336373732353137613439646236653931346536
36626363616362356132633937636136323532386131623662363134663461663665343432383363
63376466363136663533656138306361663563653838636264623866613034353732323234666538
65353734306239323038636438383334393366346533343333383032393930313263346363663162
32323335386237396662333839396433376435373164356333636261383665323835313735633533
66623637633364346532383763643066303738343635336238383261366237343863383435353163
35343137366630383136613762333366353839333661356262303463656562353566643930666138
66666339623937336239336332643033663865396366643662316135383138363361613736313232
66333635336664303261316138363232666161643964633762343463663633336532313466636564
65393434346237333839336439666338656436613639303537633339626232383162623662666633
38643765353536646135393566613735643161306161653837386461356635653533326563633139
61343666386338306538313266643061633939323635656261323066346238643064633466376563
30313763386535383632363532616136383234393733636339653135616433666662666334363665
30383939386466633966386336653164313233353561376365663739393765643361336166333333
37633862336163306365396430666531326639346333346663306161666561313433663966626137
61626438383835336533336165306436356235313431323061633266643332613563356666333331
61313436383733363530396531613065383363303164373262393235353038653532663537373233
34313635646466663963643736326536393335613436333033383763383231633065353531343139
64636163336636306537626636633962373165356666333233623466626431653134616365616261
39323932393266393664633639313766393636613030656465353431383661303139306233336665
39323762663233316332366230323937613138323463316236313336643335613431306231666261
64313038323466623134353530393862313462663238323135326335623632343763353732653961
62313733366164303332656132653865306662393439353265663462313534396564653865643332
66633139623062363661383937666431333736386337663030343239303736666238326634646564
62383838336662633835333466366661323536313361376561666362316135613437623561303530
38616332346633303465386133313837383862343836663036636231653932636263323936353363
31636631633263313932656635643161356132653563663433373837336564616366343263313334
61386336633461396433663637653865366662373761386463376438646435313364366430393363
65306236646564316130633464663937373739386236643266346663643731316636376162653261
63633935663839643163626139303562366432373239663233393166663535303436623065316336
64373361303566373437346364383339336137303963646639366564306433633338316265343131
63636538653239643365623334373865336133393437383130346539646534313864633936643833
63373739353438613633383831343731313830333838633438613364373661656433373863356433
61323237343537623266653038386364303933663765376562653064393533383861343063663566
33313434663832616136383331323437333736326638666366323564373830643861353063636661
34636432366130616436373435323566336138383039353964376466363539663736323934363936
63353766636431313031386562636337306666376439393938343962636436393130346538643536
33326665626361633764643136386664386537353739663563356135306664376239613335333431
61373934666363663338623231613666326461633033343232636434666430336563643636343036
64366334383238666238393432656462376361666232636337613163656430633962376261666661
39396561643030363538383464643262613934376266616663623637356161323662656132356334
32653337323064326130303562643062663162653431666530363138646263333134363836343034
38663162303136663333303266633464343030303064333136336431356435663333393432393063
66343330376361306465393337663630643537373035623866623031363665346636336337626132
35386663383930343836366330646239626337383966373630623130303133363230643334373932
35623862346262613865623539386663306131336164366364663836353262656335323161336530
33623833303662653438356339316230636534303465336130666565386332353738663239646435
35353036333766636462356563346562306465643838653733323234336337323639316563326435
65386438666462303265373731323632623138336433313634626164363234383639353966366361
38636463353137333037663531626335313731303766356563376334363033323465616261653135
33316239363064643531353532616134623131373335346638396134633630636234333434313061
61393039353630323563396538646233353664333037346331383862393063623433353961623739
30663634313066383535353165366663313662363631346662623964376163653931613830326439
61313430333935396339373333323039653837333963393261643963663866646236653433356638
39633062323661336335353665623663346466333435303031643139636361313634393061366334
38656635613936323864343837303738376633396236653733656263663262356263393136653161
33633064323238336434633535316464363661396166376336326433643531663562363433386631
66623437393130376130303861623562633539363236626631333931303837346265303463323837
65613861343636393732343830636462323731353536643236313430663665626233356431353461
62376261666165326335393365616637393336346337393332623239643966366361633938306636
63633333386538376637616365303965343834613235303737326531313763366334656339323061
37643661666135653162653933613931303736323933333034316164613064663737306535376631
37363437616361323161303135303462643531646563663061343238343061613730663733383436
62363930633038326466383261666336646335366435653137373265373039626635363835373334
37643464393835636238323066313639633465633239333532303938643862363533336664383034
34333932653165366438333863643637333430613363626637306231316431353462633838383866
32373163626534633735343862653635613732613862303033613834656537356332393730643339
33333537306465336264333534363966656138663036626562663966613831623766656563346662
35633537306266343065316631383436306633613830643061323839626132626165633038666637
63366164626335323635656532653439373636633837666237333039383639633463343235303066
36653138393736356261393837646565326130393336623538353838306336323966643065306132
37663435393634363161626637383666383533356132366138383163383736336431643963356666
38303861656431353066633231666266346536623665666338306536386666656233373036333935
33353435393065356665313835363339613935316232643637346334643432623366346331623734
65646231653162376136386532316566323739396163616231303136356639346438386364646235
34343334326330623536343666346539643433393664336164656166656632306664656462306237
63373535383964343239646637306461663133613766383865633434323932396331323163623531
32393631343565343264353362616237303832643234323738373938353461383864383563653636
38326339653733396533613466636531633061626130333330326564373366663062383262666633
33363239633331373438663566633733626430636131616339373339663966343162633930393339
33393232343461636532313130303136316538623761396662376334643963316661333736323764
34353033653135333536326435313335616366356337393165326263316464306561333064373261
30313237666362333461383862613636633931663632623232646133326565636463376161306264
37636663303137623630323938653262383831373734613564376664303030336434313561613032
34663630613337363433646261376435613539613136613362353961636364653438633764366532
34353138633662366134373935393765626265333035333631663236366364393638653161303337
33636361383238623531366634346437613632396465653737643939626536343538363337393632
31336239383264303262393465333839633561303937383037666363656664316263393561336264
34336437373832363761333335383138663933613736303861393439343538383636
